413 288 4
346 481 2
348 294 3
353 303 3
501 303 1
453 489 5
412 286 4
360 412 7
436 485 5
361 419 7
438 438 5
505 474 0
363 492 2
496 476 0
498 357 6
422 475 5
426 346 8
506 476 0
435 369 8
500 348 6
347 486 2
371 412 7
505 300 1
443 295 4
348 294 3
438 385 8
432 309 4
377 378 7
430 376 8
492 363 6
490 289 1
430 305 4
451 309 1
357 468 2
374 373 7
423 366 8
527 490 0
517 282 1
514 368 6
508 466 0
407 453 5
356 295 3
421 290 4
505 459 0
499 329 6
405 436 5
428 426 5
351 294 3
414 475 5
424 296 4
502 288 1
410 302 4
494 456 0
367 478 2
501 461 0
378 468 2
490 338 6
493 450 0
501 334 6
411 477 5
367 356 7
485 292 1
355 478 2
368 352 7
470 332 6
382 348 7
430 342 8
366 439 2
375 352 7
360 307 3
493 284 1
425 308 4
506 447 0
413 342 8
519 469 0
354 280 3
365 351 7
427 359 8
450 457 5
510 334 6
494 283 1
409 450 5
349 454 2
501 285 1
350 280 3
358 464 2
507 359 6
348 443 2
514 288 1
351 285 3
512 293 1
517 363 6
442 356 8
460 372 8
422 474 5
508 347 6
356 290 3
437 318 4
515 475 0
373 362 7
443 366 8
429 487 5
445 364 8
356 297 3
454 374 8
365 371 7
431 292 4
499 298 1
500 300 1
358 394 7
360 461 2
435 298 4
359 358 7
437 286 4
502 334 6
506 341 6
357 467 2
365 457 2
429 319 4
348 281 3
436 363 8
428 309 4
505 463 0
506 458 0
361 487 2
508 288 1
432 373 8
353 475 2
495 288 1
457 481 5
462 480 5
359 480 2
357 278 3
367 364 7
358 296 3
374 400 7
361 299 3
362 303 3
363 474 2
463 364 8
496 304 1
362 290 3
421 421 5
358 484 2
509 352 6
507 480 0
364 298 3
375 307 3
458 488 5
466 304 4
366 399 7
504 376 6
444 364 8
508 299 1
356 462 2
509 457 0
511 467 0
512 467 0
439 468 5
503 326 6
431 468 5
501 332 6
447 475 5
444 301 4
466 295 4
458 296 4
449 301 4
349 283 3
444 363 8
367 380 7
498 428 0
505 405 6
526 488 0
366 364 7
356 482 2
510 366 6
430 306 4
351 381 7
450 368 8
502 292 1
508 370 6
363 301 3
499 469 0
364 453 2
372 447 2
484 354 6
360 382 7
458 383 8
529 300 1
529 482 0
440 356 8
458 482 5
422 295 4
342 282 3
504 292 1
518 479 0
357 291 3
450 358 8
360 300 3
358 405 7
362 408 7
361 486 2
459 483 5
453 377 8
540 322 1
422 351 8
360 396 7
516 363 6
521 300 1
423 304 4
350 296 3
443 471 5
420 298 4
494 300 1
497 302 1
350 290 3
444 368 8
357 295 3
500 471 0
370 365 7
500 443 0
370 456 2
367 388 7
508 458 0
417 308 4
498 344 6
498 352 6
500 455 0
430 450 5
362 449 2
437 347 8
367 304 3
512 340 6
508 291 1
423 354 8
435 291 4
528 477 0
528 389 6
352 298 3
398 391 7
527 480 0
526 300 1
528 304 1
438 482 5
529 345 6
430 328 4
437 356 8
435 476 5
380 383 7
437 383 8
455 387 8
374 389 7
504 359 6
373 469 2
373 463 2
526 475 0
374 452 2
536 474 0
382 463 2
447 471 5
366 478 2
510 349 6
357 293 3
426 461 5
509 332 6
433 299 4
452 480 5
501 292 1
424 444 5
438 444 5
436 358 8
357 292 3
430 285 4
363 398 7
455 289 4
361 393 7
445 290 4
442 475 5
509 326 6
352 463 2
517 315 1
507 318 1
365 403 7
503 447 0
366 392 7
476 490 5
443 377 8
512 357 6
426 361 8
353 296 3
449 296 4
366 426 7
442 375 8
523 443 6
369 494 2
454 492 5
362 409 7
498 292 1
497 323 1
421 355 8
504 456 0
426 463 5
437 300 4
500 294 1
434 305 4
424 370 8
356 291 3
360 464 2
495 294 1
440 302 4
434 295 4
472 487 5
358 481 2
530 484 0
526 357 6
356 427 7
366 296 3
480 304 4
356 288 3
453 376 8
527 482 0
514 453 0
372 410 7
458 485 5
358 487 2
506 288 1
516 366 6
376 310 3
358 479 2
372 309 3
527 481 0
360 294 3
433 484 5
486 297 1
362 480 2
498 339 6
509 481 0
361 494 2
443 295 4
479 283 1
357 294 3
445 374 8
442 364 8
520 478 0
363 297 3
437 482 5
360 369 7
513 350 6
447 289 4
526 485 0
363 413 7
467 305 4
357 447 2
439 354 8
516 296 1
527 355 6
516 371 6
421 478 5
353 376 7
364 389 7
522 318 1
512 353 6
356 483 2
429 393 8
519 413 6
345 314 3
425 325 4
353 312 3
370 431 7
465 438 8
520 318 1
417 470 5
529 312 1
442 471 5
542 470 0
448 471 5
352 447 7
444 319 4
536 471 0
530 392 6
356 321 3
346 471 2
447 470 5
519 318 1
516 309 1
530 474 0
431 383 8
454 481 5
455 302 4
347 480 2
535 378 6
430 373 8
362 416 7
358 455 2
362 296 3
507 383 6
541 441 0
431 447 5
457 447 5
547 451 0
346 464 2
442 312 4
522 317 1
487 311 1
438 317 4
446 458 5
359 306 3
363 316 3
523 424 6
355 307 3
468 314 4
517 381 6
369 424 7
440 404 8
356 461 2
522 458 0
434 320 4
452 412 8
348 454 2
513 314 1
522 463 0
353 303 3
363 440 7
363 454 7
453 397 8
520 386 6
350 461 2
468 458 5
502 307 1
358 434 7
538 452 0
483 346 4
351 466 2
360 305 3
523 404 6
349 465 2
471 464 5
363 430 7
354 301 3
462 311 4
450 395 8
517 310 1
536 457 0
526 312 1
360 420 7
462 404 8
480 472 5
438 466 5
528 309 1
357 307 3
461 459 5
356 465 2
502 313 1
522 468 0
469 314 4
495 310 4
450 408 8
364 443 7
466 458 5
535 428 6
