433 372 8
335 350 7
507 319 1
396 504 5
339 300 3
389 305 4
511 516 0
392 299 4
341 310 3
342 309 3
348 503 2
516 386 6
414 362 8
344 491 2
413 357 8
506 512 0
504 505 0
519 343 6
343 347 7
506 505 0
422 298 4
519 377 6
405 490 5
501 505 0
516 303 1
360 352 7
437 375 8
445 381 8
505 498 0
507 500 0
521 364 6
410 304 4
521 305 1
383 350 7
524 353 6
411 390 8
433 302 4
344 313 3
352 513 2
359 358 7
365 366 7
523 304 1
525 350 6
407 304 4
338 492 2
508 518 0
508 515 0
509 514 0
523 303 1
353 382 7
346 309 3
350 313 3
406 502 5
524 365 6
526 372 6
355 373 7
425 370 8
417 307 4
344 307 3
510 523 0
414 363 8
427 523 5
415 347 8
350 317 3
442 401 8
416 526 5
346 308 3
455 526 5
371 346 7
522 306 1
409 317 4
434 520 5
515 520 0
409 340 8
414 513 5
516 518 0
347 308 3
524 376 6
357 412 2
524 308 1
522 313 1
345 312 3
514 528 0
509 523 0
528 376 6
357 314 3
528 309 1
359 524 2
468 401 8
512 523 0
346 510 2
363 340 7
352 309 3
433 388 8
518 524 0
347 501 2
440 515 5
522 525 0
342 303 3
407 311 4
396 517 5
529 352 6
346 307 3
357 371 7
360 497 2
529 355 6
352 306 3
379 405 7
346 306 3
528 307 1
356 362 7
410 513 5
438 509 5
357 319 3
360 323 3
430 309 4
431 316 4
432 318 4
358 516 2
366 509 2
530 374 6
339 477 2
346 301 3
529 306 1
416 353 8
425 360 8
427 314 4
530 309 1
532 336 1
530 381 6
352 426 7
529 359 6
355 314 3
475 314 4
355 315 3
454 320 4
508 506 0
370 408 7
442 504 5
352 351 7
433 497 5
360 351 7
347 307 3
424 313 4
346 309 3
354 389 7
509 511 0
345 501 2
362 337 7
366 493 2
492 310 4
351 312 3
526 301 1
527 320 1
521 366 6
518 530 0
516 526 0
349 311 3
432 379 8
441 386 8
344 309 3
506 527 0
362 358 7
542 319 1
491 497 0
527 391 6
395 514 5
528 370 6
398 311 4
529 306 1
424 374 8
535 337 1
340 492 2
415 321 4
534 331 1
535 336 1
355 319 3
535 419 6
425 314 4
349 314 3
406 363 8
409 367 8
410 370 8
536 306 1
349 354 7
537 393 6
345 358 7
394 350 8
419 312 4
386 485 5
360 353 7
539 306 1
367 318 3
347 500 2
412 354 8
361 317 3
404 486 5
357 315 3
494 523 0
367 326 3
369 329 3
505 528 0
366 326 3
498 322 4
502 323 4
499 324 4
538 309 1
428 308 4
351 360 7
512 530 0
510 527 0
352 312 3
362 430 7
507 305 4
400 311 4
502 530 0
388 523 5
349 343 7
358 494 5
361 341 7
422 354 8
360 347 7
539 310 1
350 506 2
355 504 2
362 316 3
366 321 3
540 368 6
541 369 6
540 313 1
354 313 3
504 528 0
385 519 5
342 499 2
411 515 5
366 330 7
421 350 8
342 497 2
405 518 5
354 311 3
364 354 7
389 342 8
403 507 5
430 324 8
359 314 3
346 476 2
540 327 1
506 520 0
539 349 6
512 522 0
352 310 3
348 505 2
363 502 2
507 518 0
548 332 1
548 336 1
409 311 4
336 504 2
542 356 6
542 317 1
518 356 6
353 518 2
464 312 4
436 525 5
524 312 1
524 317 1
360 322 3
367 325 3
532 344 6
355 391 7
346 528 2
536 323 6
403 523 5
544 321 1
504 303 4
344 365 7
539 379 6
514 529 0
540 311 1
497 303 4
343 312 3
539 371 6
349 313 3
434 512 5
341 305 3
532 368 6
415 515 5
534 346 6
428 507 5
342 305 3
346 312 3
358 490 2
345 304 3
526 304 1
358 512 2
531 328 1
533 314 1
533 319 1
528 311 1
529 369 6
516 535 0
417 310 4
427 314 4
414 526 5
341 305 3
352 521 2
446 311 4
414 524 5
415 354 8
344 306 3
350 504 2
350 502 2
427 311 4
503 518 0
355 349 7
531 307 1
364 376 7
368 491 2
459 516 5
532 315 1
347 310 3
356 498 2
417 359 8
534 380 6
350 311 3
349 512 2
354 510 2
352 303 3
545 450 6
547 309 1
352 515 2
439 510 5
348 500 2
519 529 0
346 516 2
450 526 5
518 528 0
522 321 1
528 311 1
532 421 6
356 418 7
533 306 1
416 516 5
350 390 7
472 514 5
539 310 1
449 311 4
536 358 6
537 343 6
356 412 7
472 495 5
420 354 8
426 360 8
450 506 5
538 373 6
417 503 5
430 316 4
535 306 1
540 312 1
522 528 0
457 306 4
540 383 6
349 314 3
540 399 1
538 305 6
416 499 5
423 499 5
465 380 8
540 312 6
436 518 5
446 516 5
376 520 2
534 309 6
363 334 3
465 530 5
531 542 0
530 540 0
347 526 2
541 376 1
379 322 3
398 518 2
349 500 2
458 319 4
450 328 4
345 500 2
496 469 5
344 319 3
415 527 5
546 398 1
355 522 2
360 522 2
543 305 6
502 521 0
466 310 4
545 424 1
340 306 3
497 522 0
498 520 0
546 392 1
344 312 3
504 531 0
426 317 4
546 402 1
522 530 0
545 402 1
526 528 0
532 385 6
527 529 0
332 305 3
504 529 0
360 404 7
416 513 5
427 515 5
474 307 4
531 353 6
531 366 6
458 310 4
469 313 4
519 298 1
408 368 8
531 344 6
519 534 0
477 308 4
336 310 3
530 352 6
404 378 8
452 435 8
369 341 3
478 465 8
514 528 0
526 372 6
425 417 8
362 492 2
447 521 5
526 376 6
428 422 8
339 514 2
508 522 0
434 519 5
334 503 2
362 457 7
363 456 7
338 299 3
362 414 7
414 393 8
444 441 8
357 366 7
525 300 1
434 514 5
358 375 7
409 362 8
531 370 6
533 372 6
421 515 5
359 512 2
362 514 2
352 403 7
349 411 7
438 312 4
406 521 5
347 365 7
449 522 5
532 358 6
355 416 7
345 514 2
373 383 7
376 395 7
407 524 5
411 525 5
410 375 8
412 380 8
412 380 8
413 383 8
414 383 8
358 379 7
359 383 7
532 365 6
420 531 5
533 423 6
342 517 2
457 325 4
361 368 7
449 440 8
533 422 6
486 475 0
532 366 6
374 432 7
452 313 4
422 383 8
354 365 7
358 368 7
462 312 4
533 372 6
370 366 7
416 359 8
418 351 8
420 358 8
409 522 5
534 376 6
438 308 4
415 526 5
530 299 1
518 520 0
408 355 8
485 474 0
380 378 7
386 384 7
385 384 7
502 495 0
412 487 5
480 462 0
373 377 7
430 502 5
423 361 8
348 351 7
350 354 7
344 492 2
427 377 8
505 490 0
533 364 6
536 369 6
429 314 4
437 319 4
441 320 4
533 302 1
344 510 2
431 518 5
349 506 2
437 301 4
532 309 1
347 508 2
510 504 0
409 311 4
343 498 2
350 495 2
361 348 7
487 477 0
423 303 4
537 359 6
535 354 6
407 512 5
538 316 1
352 519 2
368 374 7
348 494 2
446 426 8
532 304 1
343 513 2
450 309 4
466 317 4
344 510 2
534 311 1
375 401 7
437 376 8
346 472 2
350 470 2
533 314 1
